"Activity" "Subject" "frequencyBodyAccelerometerMagnitude-mean()" "frequencyBodyAccelerometerMagnitude-std()" "frequencyBodyAccelerometerJerkMagnitude-mean()" "frequencyBodyAccelerometerJerkMagnitude-std()" "frequencyBodyGyroscopicJerkMagnitude-mean()" "frequencyBodyGyroscopicJerkMagnitude-std()" "frequencyBodyGyroscopicMagnitude-mean()" "frequencyBodyGyroscopicMagnitude-std()" "timeBodyAccelerometerJerkMagnitude-mean()" "timeBodyAccelerometerJerkMagnitude-std()" "timeBodyAccelerometerMagnitude-mean()" "timeBodyAccelerometerMagnitude-std()" "timeBodyGyroscopicJerkMagnitude-mean()" "timeBodyGyroscopicJerkMagnitude-std()" "timeBodyGyroscopicMagnitude-mean()" "timeBodyGyroscopicMagnitude-std()" "timeGravityAccelerometerMagnitude-mean()" "timeGravityAccelerometerMagnitude-std()"
"WALKING" 1 -0.0383923339084211 -0.0695300462115789 -0.468043160526316 0.238918104421053 0.259224199421053 0.266175581751579 -0.172029857462105 -0.0899975423705263 -0.533814662421053 -0.368955562861053 -0.741789973263158 -0.357642790013684 -0.338246326894737 -0.880924993578947 -0.845919903894737 -0.339032197115789 -0.933790816315789 -0.807090448526316
"WALKING_UPSTAIRS" 1 -0.305264220962264 -0.166170015088679 -0.409868342316981 0.421515888377358 0.12949984354717 0.191980148588679 -0.116837051783019 -0.122232768011321 0.282041225383019 -0.792298456981132 -0.785268259433962 -0.848267307358491 -0.774621821509434 -0.952159069245283 -0.963511713018868 -0.492611667924528 -0.969104824716981 -0.933665421509434
"WALKING_DOWNSTAIRS" 1 0.189908398910204 -0.0909371290204082 -0.466480526326531 -0.0788326496612245 0.247013933489796 0.131428911006939 -0.210495165979592 -0.0739592036271429 -0.564097848679592 -0.447821870591837 -0.463357205102041 -0.627210608571429 -0.56065619755102 -0.804814413265306 -0.744634869591837 -0.352449631363265 -0.927878544897959 -0.83404579
"SITTING" 1 0.217507940023404 -0.0919241549361702 -0.875423871702128 0.782854043829787 -0.719305914170213 0.258733872126596 0.113818159957447 -0.0936793807234043 -0.514312723851064 -0.999017407234043 -0.99831475787234 -0.998748331489362 -0.999120911276596 -0.999480897021277 -0.999540442765957 -0.976161464042553 -0.999663006808511 -0.999799265744681
"STANDING" 1 0.210956762773585 -0.0593972209811321 -0.873775728490566 0.813972506981132 -0.358149656018868 0.274304828092453 0.171002379077547 -0.0996092129056604 -0.555794507049057 -0.999931601698113 -0.999960836792453 -0.999776926037736 -0.999766992075472 -0.999784658490566 -0.999552433396226 -0.986386786037736 -0.999949959811321 -0.999985711698113
"LAYING" 1 0.1275149057 -0.064486124088 -0.78018166656 0.7702035598 -0.244623975822 0.19059974554 0.075062469436 -0.107270949192 -0.48536717122 -0.9953484832 -0.9896065986 -0.9861261602 -0.9854256262 -0.990634675 -0.9838882006 -0.850249174586 -0.9861645352 -0.9977716264
"WALKING" 2 -0.0127912809237288 -0.0482382316949153 -0.489339145932203 0.348751239830508 0.142944547133898 -0.188591849727119 -0.355923917152542 -0.0818833429152542 -0.724849881525424 -0.618494249322034 -0.836712560338983 -0.761244444576271 -0.50557995779661 -0.874501143050847 -0.918785351355932 -0.429713536101695 -0.838538992372881 -0.950924448983051
"WALKING_UPSTAIRS" 2 0.0223930666395833 -0.0320883097395833 -0.370203249183333 0.28210755425 -0.0240408099083333 0.0109036526270833 -0.150537102040833 -0.0828858001333333 -0.505033947083333 -0.727370209166667 -0.756581025625 -0.775080963125 -0.670769231041667 -0.849687735625 -0.887696392708333 -0.331643577458333 -0.877147824791667 -0.966399018541667
"WALKING_DOWNSTAIRS" 2 0.22422710973617 -0.00482329231914894 -0.33817757808766 0.187331086368298 0.0523443765344723 0.0120717594744681 -0.155105878285106 -0.0581038498510638 -0.690804057404255 -0.268503526853192 -0.446749572978723 -0.446758358531915 -0.302078761651064 -0.659551288510638 -0.750314753595745 -0.145775970406383 -0.748958927659575 -0.905874659787234
"SITTING" 2 0.212113447782609 -0.0599286797043478 -0.884830284782609 0.787973085 -0.551229318813043 0.206040879695652 0.037560153 -0.0936328412826087 -0.389546246934783 -0.999688010869565 -0.999346054565217 -0.999348434347826 -0.99957122826087 -0.999645352608696 -0.999347207391304 -0.982621389565217 -0.999816669130435 -0.999949786956522
"STANDING" 2 0.23140431289963 -0.0820396577592593 -0.860489124074074 0.794552969444444 -0.327713970018519 0.148268891203704 0.144897161101111 -0.105562157888889 -0.439629918392593 -0.999513952592593 -0.999781299444444 -0.999361639259259 -0.999052850925926 -0.999441677962963 -0.998198299074074 -0.967037112037037 -0.999426093333333 -0.999810602962963
"LAYING" 2 0.288509665814583 -0.111800824583333 -0.871492135 0.825742531666667 -0.478879195916667 0.14267676161625 0.0794291980625 -0.101974134208333 -0.7727719634375 -0.99939132375 -0.998829923333333 -0.99968708875 -0.99962279125 -0.9996138775 -0.99889939875 -0.9864311425 -0.999868095833333 -0.999918063333333
"WALKING" 3 0.169632179666207 -0.0779150937413793 -0.513758611551724 0.422731284655172 0.159497818681034 0.0583539723948276 -0.116495689367241 -0.0952398165017241 -0.801824189827586 -0.568220467413793 -0.790629107068965 -0.815014576551724 -0.484724938103448 -0.810024279655172 -0.910437342931035 -0.437845763793103 -0.906526133103448 -0.952004140517241
"WALKING_UPSTAIRS" 3 -0.0876445099491525 -0.139275405637288 -0.328595692542373 0.40886528438983 0.165594739886102 -0.0579040321915254 -0.141008096389831 -0.115510569491525 -0.385645102016949 -0.866866663898305 -0.754275346610169 -0.783325918305085 -0.677880543898305 -0.939395151864407 -0.958471837288136 -0.378216681762712 -0.930081618135593 -0.982613173050847
"WALKING_DOWNSTAIRS" 3 0.164233404838776 -0.0139358043959184 -0.297997516522449 0.37346888322449 0.0865180438979592 -0.157421962759184 -0.0573595503285714 -0.0778701650285714 -0.713083501428571 -0.541326698408163 -0.53907938677551 -0.695642078979592 -0.561327325046939 -0.826241056530612 -0.889487120204082 -0.129066574295918 -0.854800329591837 -0.973511827959184
"SITTING" 3 0.0992019644807692 -0.07524100275 -0.855489430769231 0.780604233865385 -0.468039400884615 0.0595475642365385 0.0197737954761538 -0.103605889057692 -0.330663217153846 -0.998313641730769 -0.998255711538461 -0.997097146730769 -0.996775003461538 -0.998785755 -0.997519008461539 -0.957550637692308 -0.997611621346154 -0.999719126346154
"STANDING" 3 0.159065424442623 -0.0585101918262295 -0.79700041 0.751094875098361 -0.113378445113115 0.103045585183 0.0267467847111475 -0.0994602620655738 -0.421544016934426 -0.997930931967213 -0.998693438688525 -0.996361439016393 -0.99603259147541 -0.998536098360656 -0.998681596557377 -0.901282267540984 -0.998847339344262 -0.999518366885246
"LAYING" 3 0.203611355753226 -0.0718507159435484 -0.858554759032258 0.823396676935484 -0.320137634956452 0.21011814951129 0.107185907206452 -0.10004449883871 -0.691639019354839 -0.999595953064516 -0.999648083870968 -0.998996879354839 -0.998883061935484 -0.999221895806452 -0.998423517419355 -0.970167262903226 -0.999751884032258 -0.999884731612903
"WALKING" 4 -0.0248401983216667 -0.0726905278583333 -0.500598663333333 0.471764393833333 0.194744492433333 -0.11202787979 -0.201368478733333 -0.115321556475 -0.659990892666667 -0.665243275333333 -0.843854227666667 -0.7211925245 -0.664604847833333 -0.9431203675 -0.963116376 -0.373384540666667 -0.912443936166667 -0.991107820333333
"WALKING_UPSTAIRS" 4 -0.139433003957692 -0.0859471683596154 -0.413085939423077 0.368986417692308 0.233270492980769 0.00440184178076923 -0.308630991807692 -0.1314720713 -0.175850645115385 -0.863340613461538 -0.673675136346154 -0.778734470384615 -0.723773375192308 -0.950029708653846 -0.958906572115385 -0.3710689925 -0.931796174615385 -0.996689516346154
"WALKING_DOWNSTAIRS" 4 -0.0399282354155556 -0.0704025952333333 -0.414877075333333 0.387941361555556 0.106596886266667 -0.0994645889424444 -0.05239996692 -0.0921282734666667 -0.736574326888889 -0.766951471111111 -0.473335862133333 -0.781005568222222 -0.6530742 -0.899180330666667 -0.921067399333333 -0.240298893435556 -0.850397408222222 -0.993240247111111
"SITTING" 4 0.11598840398 -0.08943006108 -0.8644742466 0.772808495 -0.43584934564 0.04436124507 -0.031695157236 -0.09694948424 -0.134126074786 -0.9992160362 -0.9994585868 -0.9971667524 -0.997192693 -0.999134856 -0.9987038842 -0.9605896358 -0.9983638744 -0.9999146202
"STANDING" 4 0.112003456357143 -0.061824850625 -0.808884577678571 0.753492039821429 -0.153998327671429 -0.0623043503857143 -0.00495255702392857 -0.103057894142857 0.0589242327696429 -0.998668935 -0.998931593214286 -0.996963944642857 -0.996976731785714 -0.999079705 -0.998002496071429 -0.905464161964286 -0.997361543392857 -0.999639502142857
"LAYING" 4 0.2212660442 -0.0930128180759259 -0.851204999814815 0.834140003333333 -0.321017680537037 0.109036724135185 0.139127433911111 -0.105019877685185 -0.43657323487037 -0.998207509444444 -0.993317696296296 -0.996929533888889 -0.995006648703704 -0.998767281666667 -0.998566838333333 -0.967203736481482 -0.998620717777778 -0.999881812037037
"WALKING" 5 0.0026165025375 -0.0690135249642857 -0.521869455178571 0.247146394910714 0.173747175678571 0.00673972480892857 -0.0907576179642857 -0.0888408355267857 -0.615317304642857 -0.727387066607143 -0.736418595178571 -0.472679187625 -0.502376355892857 -0.886867075892857 -0.915312383035714 -0.372668749642857 -0.910326067678571 -0.919093385892857
"WALKING_UPSTAIRS" 5 -0.173107335191489 -0.117195551802128 -0.300621901319149 0.240153240229787 0.142436262042553 -0.0764094491425532 -0.242900544574468 -0.143029686361702 -0.0535768625404255 -0.69808410212766 -0.530139963191489 -0.469460846531915 -0.537902426808511 -0.90861914106383 -0.935953863404255 -0.263615096246809 -0.89115810893617 -0.949002587659574
"WALKING_DOWNSTAIRS" 5 0.242871253097872 -0.0707805998787234 -0.445430478744681 0.123459732404255 0.117476087955745 0.114265758153191 -0.025890514487234 -0.110149008255319 -0.594801344042553 -0.570005712340426 -0.160946970680851 -0.32531746306383 -0.324775202357447 -0.760477302553191 -0.911067651702128 -0.295345101425532 -0.888056540851064 -0.923173763404255
"SITTING" 5 0.146721718436364 -0.0835484079545455 -0.861827124318182 0.776140165227273 -0.344522688447727 0.148259012340909 0.0253037670727273 -0.0889747665681818 -0.343227437272727 -0.999035044090909 -0.999588952954545 -0.997289915 -0.997721277954545 -0.998883569772727 -0.998800046590909 -0.957117251818182 -0.999218677045455 -0.999644789772727
"STANDING" 5 0.196102052244643 -0.050987505 -0.807055379642857 0.737549407303571 -0.250734175839286 0.0392493986071429 0.00706151944285714 -0.0922249863035714 -0.140561273625 -0.998035568928571 -0.9985649375 -0.996217623571429 -0.995976410535714 -0.997945931428571 -0.997685991071429 -0.909661802321429 -0.998106291607143 -0.999170167678571
"LAYING" 5 0.194311053321154 -0.0798709596153846 -0.863261606538462 0.829895861346154 -0.33753991875 0.15461472325 0.0974295369257885 -0.102114125 -0.255694162761538 -0.999361555192308 -0.997265369230769 -0.999193249423077 -0.998865134615385 -0.999566435961538 -0.999410398653846 -0.975797491730769 -0.999704359423077 -0.999934448461538
"WALKING" 6 0.222770903875439 -0.0744462466 -0.405939926035088 0.273341720192982 0.169972236333333 0.16462199037193 -0.0245071680736842 -0.0878891090105263 -0.77773863822807 -0.495184987207018 -0.753250031929825 -0.555530200877193 -0.394608193491228 -0.891027941052632 -0.885921064912281 -0.239650710533333 -0.758126402631579 -0.857430576315789
"WALKING_UPSTAIRS" 6 0.386029030882353 -0.0518981989072549 -0.279196664917647 0.300923578431373 -0.097207219654902 0.132878578482353 -0.00413310170588235 -0.0652024492378431 -0.570511490039216 -0.737097224313725 -0.536540732745098 -0.472605526019608 -0.436727210078431 -0.66848567727451 -0.923820136470588 -0.115065008156863 -0.881478868823529 -0.918120843921569
"WALKING_DOWNSTAIRS" 6 0.440724539104167 -0.0341782208604167 -0.216473817 -0.0454750406 0.1010045863125 0.0702119416041667 0.0361191054166667 -0.0256452232354167 -0.80355013625 -0.429410493270833 -0.0239436533916667 0.065298211503125 0.009598959645 -0.642965355083333 -0.746243041770833 0.0633716052854167 -0.606169584729167 -0.730157771666667
"SITTING" 6 0.230218216109091 -0.0899083302550909 -0.844106957454545 0.771475223272727 -0.285947069552727 0.0609651430690909 0.11058782346 -0.0936693524363636 -0.480127540272727 -0.998691888727273 -0.999577872545454 -0.997120077090909 -0.996484222181818 -0.996753088 -0.997708451090909 -0.939671400545455 -0.997403812363636 -0.999132418909091
"STANDING" 6 0.185065784587719 -0.0589823639438597 -0.830853755789474 0.783328352105263 -0.198093853129825 -0.0262718271052632 0.00956722889473684 -0.103292534210526 -0.213978062070175 -0.998746758245614 -0.999557236491228 -0.996964538947368 -0.996676857017544 -0.997572041754386 -0.997970974035088 -0.931612384385965 -0.997523290526316 -0.999233810175439
"LAYING" 6 0.217510003519298 -0.107218315054386 -0.824192401403509 0.812734645087719 -0.210765527315789 0.0472692343859649 0.0198679434489474 -0.111267284631579 -0.394627613175439 -0.996695404385965 -0.986032859298246 -0.993664255087719 -0.993992793684211 -0.997270252982456 -0.996770289122807 -0.935439769649123 -0.995125798245614 -0.998853567719298
"WALKING" 7 0.054251196245614 -0.0837113724842105 -0.345882080631579 0.377161457017544 0.225263413789474 -0.223783693089474 -0.334668686263158 -0.123654199751333 -0.522462954008772 -0.689184540350877 -0.765391970350877 -0.562234690175439 -0.476629493280702 -0.426141386263158 -0.583731962280702 -0.318395104666667 -0.76564363245614 -0.746286158245614
"WALKING_UPSTAIRS" 7 0.0387521160211765 -0.00247161973 -0.481483558313725 0.377979723882353 0.00561926196039216 -0.15086362752549 -0.137455344501373 -0.0856640866647059 -0.499243295039216 -0.891514070196078 -0.742130343529412 -0.896011515882353 -0.867156095098039 -0.848293185490196 -0.937153647647059 -0.383889342745098 -0.952534278235294 -0.957239292156863
"WALKING_DOWNSTAIRS" 7 0.111982631074468 -0.049717460606383 -0.444033207021277 0.405394644808511 0.0869077344468085 0.0503358183 -0.253001322945106 -0.0597273512680851 -0.610603474680851 -0.516732489085106 -0.406919483957447 -0.783557073191489 -0.706849355531915 -0.594536113829787 -0.830597592978723 -0.33930147 -0.929336625744681 -0.841363426808511
"SITTING" 7 0.103238725921042 -0.03361196465625 -0.841214220208333 0.770511903958333 -0.3760948875375 0.0952478258520833 0.0425413720479167 -0.0938155625083333 -0.048811988625 -0.998926407916667 -0.997305204166667 -0.998437113333333 -0.998645514583333 -0.998233646041667 -0.998547172708333 -0.9436317575 -0.998997818333333 -0.99983174125
"STANDING" 7 0.0969904004056604 -0.0774336443396226 -0.836594772830189 0.795495273773585 -0.186165335849057 0.114256477313208 0.108864482418868 -0.0901539662169811 -0.208872321227925 -0.999494390188679 -0.999545898490566 -0.998068227358491 -0.998144841886792 -0.997975226603774 -0.998626248867925 -0.938121637735849 -0.998933700566038 -0.99979925509434
"LAYING" 7 0.281670211038462 -0.133605695057692 -0.829395534615385 0.822455106730769 -0.201801590365385 -0.0236381687480769 0.0742056272115385 -0.105944243484615 -0.588695918055769 -0.996885971538462 -0.992053286153846 -0.998018709038462 -0.998340346538461 -0.996506299038462 -0.995971171153846 -0.953684547692308 -0.998774402115385 -0.999224021153846
"WALKING" 8 0.106113937535417 -0.095791790535 -0.225331313958333 0.1951625568125 0.127185848998042 0.36249429718125 -0.266174578102083 -0.135886431360417 -0.454350538041667 -0.765505882083333 -0.647433337291667 0.0471820014916667 -0.103091599742708 -0.698412360416667 -0.804045478958333 -0.102063053808333 -0.908266382916667 -0.897389924583333
"WALKING_UPSTAIRS" 8 -0.00959723493902439 -0.204205356087805 -0.0949633553707317 -0.163485718192683 0.208366846682927 0.1408008915 -0.255682986909756 -0.15544567414878 -0.524296886487805 -0.520276695146341 -0.652283727804878 -0.640770424878049 -0.480840096829268 -0.743223558780488 -0.826001723414634 -0.240260761682927 -0.918056567804878 -0.894952398292683
"WALKING_DOWNSTAIRS" 8 -0.0618903012894737 -0.0500760173342105 -0.312935538578947 0.175481796744974 0.0731751529526316 0.276823686236842 -0.278403597052632 -0.0349283489710526 -0.772072186315789 0.0828768537552632 -0.478888551052632 -0.269689203836842 -0.0951486236052632 -0.498105301789474 -0.56724953 -0.130740445236842 -0.892631720526316 -0.736386953421053
"SITTING" 8 0.13152339433913 -0.0955089236521739 -0.887340160434783 0.792437915 -0.653132566086956 0.217561575137826 0.10009323018913 -0.0923150250434783 -0.321009148152174 -0.99953936 -0.99901361 -0.998572423043478 -0.999496475869565 -0.999326603043478 -0.999230970217391 -0.982200309782609 -0.999794145869565 -0.999892796086956
"STANDING" 8 0.209763638618519 -0.0280117633814815 -0.860752005740741 0.804597581296296 -0.317072100142593 0.259852831259259 0.156025311253704 -0.097757576 -0.359165810962963 -0.999658837407407 -0.999561618888889 -0.998781948703704 -0.999258543518519 -0.999355421666667 -0.997728373518519 -0.969677435925926 -0.999650017407407 -0.999783801851852
"LAYING" 8 0.249044879777778 -0.0891374138592593 -0.82835767037037 0.829055554814815 -0.233309222709259 0.248586363388889 0.140742909648148 -0.106445008314815 -0.468516482111111 -0.995927291481482 -0.992854917777778 -0.998624556296296 -0.999167817592593 -0.992835022222222 -0.99354087962963 -0.957903886111111 -0.998431447962963 -0.999443562037037
"WALKING" 9 0.0897068603692308 -0.0625598710615385 -0.472004803461538 0.244636906807692 0.158424832461538 -0.00643588913461538 -0.354055833807308 -0.0809204094461538 -0.101169811898077 -0.792667447115385 -0.698808862692308 -0.642073935576923 -0.696791531538462 -0.661098876153846 -0.854028610576923 -0.383676120961538 -0.923264339615385 -0.938893268269231
"WALKING_UPSTAIRS" 9 0.00499023355306122 -0.0412587909579592 -0.418012586938776 0.300056414653061 -0.107189085938776 0.161636651163265 0.0330483779795918 -0.0684689593355102 -0.538872771073469 -0.865695514081633 -0.785787175102041 -0.877695547346939 -0.897534359795918 -0.882649982653061 -0.932107005918367 -0.313941631326531 -0.94112372755102 -0.983554375306122
"WALKING_DOWNSTAIRS" 9 0.1894312017 -0.0712598843142857 -0.40059098547619 0.212797599190476 0.0527824638285714 0.0279766922952381 -0.0431161953047619 -0.094591202447619 -0.614608555952381 -0.632219995238095 -0.242802365083333 -0.776087568095238 -0.777287350952381 -0.521229053404762 -0.74597850452381 -0.325042890904762 -0.895168766904762 -0.916394063571429
"SITTING" 9 0.12879348409 -0.04142711812 -0.8543906836 0.7779774424 -0.296871010364 0.09524635478 0.19282629728 -0.0930708106 -0.40040970947 -0.9973990882 -0.996376898 -0.9973666122 -0.997334301 -0.996911872 -0.998209614 -0.950315237 -0.9993864682 -0.9994446818
"STANDING" 9 0.158949635711111 -0.060810158296 -0.825916536 0.789239618666667 -0.111062049397778 0.0542170111333333 0.141622000711111 -0.095897704 -0.330963183066667 -0.998265976888889 -0.999221645333333 -0.997177779111111 -0.997563814444444 -0.997666567777778 -0.998606253777778 -0.916974437555556 -0.99869973 -0.999635939777778
"LAYING" 9 0.4450513952 -0.15890291983 -0.8221405738 0.80494439 -0.05351417512 0.266330933908 0.192167154412 -0.10384667982 -0.68751604922 -0.9981899952 -0.9935437332 -0.9988649692 -0.99853189 -0.9954637134 -0.9983176608 -0.930297921 -0.9988861882 -0.9991895606
"WALKING" 10 0.231944785281132 -0.0819540783760943 -0.37301634245283 0.207176086981132 0.199844303081132 0.0574996823716981 -0.281127977641509 -0.122709563462264 -0.489222504150943 -0.595800588301887 -0.656154530377358 -0.683905502075472 -0.434806442150943 -0.893758788679245 -0.848477007735849 -0.277913780754717 -0.867368388301887 -0.962883984716981
"WALKING_UPSTAIRS" 10 -0.0552718718851064 -0.0954600216446809 -0.242629912753191 0.285722418702128 0.166784060404255 0.182118433553191 -0.069089976857234 -0.157212539189362 -0.247353837361702 -0.621990610595745 -0.641166194042553 -0.607356553191489 -0.625629297021277 -0.87997352212766 -0.900623035744681 -0.218524716912766 -0.921410590851064 -0.955184116595745
"WALKING_DOWNSTAIRS" 10 0.0696560091736842 -0.106742538831579 -0.407575620315789 0.0109855634210526 0.0695592769736842 0.152547776710526 -0.412006136210526 -0.0643764005526316 -0.746469686842105 -0.409850488978947 -0.150243065815789 -0.577578594552632 -0.569302148078947 -0.827002813421053 -0.683196530789474 -0.214350280079211 -0.900717272894737 -0.94007194131579
"SITTING" 10 0.150755747537037 -0.0679993598888889 -0.885879524259259 0.800778588333333 -0.669277454574074 0.293237977907407 0.154386089124074 -0.0931555026481481 -0.656354802740741 -0.999650362592593 -0.999287377407407 -0.998453856481481 -0.999308596481482 -0.999569410740741 -0.999218977777778 -0.986477363333333 -0.999854084074074 -0.999952471481481
"STANDING" 10 0.241513211620455 -0.0876820486363636 -0.816181090454545 0.8005245425 -0.184139696529545 0.216649465856818 0.100116935329091 -0.104753833181818 -0.491727426113636 -0.997658809772727 -0.999420127272727 -0.995451210681818 -0.995915736136364 -0.998764760681818 -0.998347439545455 -0.924005912954545 -0.999180403181818 -0.999666774318182
"LAYING" 10 0.234130188550517 -0.0770325657265517 -0.843542308793103 0.817807286034483 -0.36179691137931 0.206113235 0.133365309033448 -0.100308254413793 -0.649796303362069 -0.99843034862069 -0.997280879310345 -0.998627766034483 -0.997690109310345 -0.998469221551724 -0.996393684482759 -0.953793912068965 -0.998832932241379 -0.999013084827586
"WALKING" 11 0.140227304779661 -0.0705104974254237 -0.533683518135593 0.325043646779661 0.12579913050339 -0.160400233730508 -0.0784576819220339 -0.0918204195491525 -0.00654114675084746 -0.761835019830508 -0.827154708983051 -0.71369935 -0.597409766440678 -0.959071652881356 -0.954097163559322 -0.514753307627119 -0.973475160508475 -0.985147521186441
"WALKING_UPSTAIRS" 11 -0.184071928425926 -0.0566928808703704 -0.436656641514815 0.616640306296296 -0.178328591955556 0.0695106700942593 -0.0922596391851852 -0.0645245413759259 0.386310729185185 -0.885465858703704 -0.700281600185185 -0.847279079074074 -0.811733135925926 -0.971207052962963 -0.975509581666667 -0.471782782222222 -0.969864207962963 -0.991494198333333
"WALKING_DOWNSTAIRS" 11 0.0257817657328261 -0.0262775345369565 -0.397130668956522 0.208667982173913 0.0677144172826087 0.0348050832869565 -0.126842204595652 -0.0220916265065217 -0.559617286847826 -0.687404855652174 -0.330705062195652 -0.517722823695652 -0.560817405 -0.881033074130435 -0.898674177826087 -0.318777012804348 -0.95177416326087 -0.971842047608696
"SITTING" 11 0.202835835464151 -0.0755284478679245 -0.884485955849057 0.788153895660377 -0.609941411886792 0.185267371731887 0.125921107577358 -0.0948423481320755 -0.720804542754717 -0.99953795490566 -0.999630150188679 -0.998325557169811 -0.998774419622641 -0.999494102075472 -0.999125012075472 -0.985106875471698 -0.999855508490566 -0.999883638490566
"STANDING" 11 0.240040537489362 -0.0765465041914894 -0.870001190425532 0.812845748510638 -0.372158720461702 0.234832512934043 0.202850228744681 -0.099519355893617 -0.708723053255319 -0.999879077234043 -0.999948435319149 -0.999542718510638 -0.999567379787234 -0.999720505319149 -0.99949188106383 -0.978301717234043 -0.999853506170213 -0.999986640212766
"LAYING" 11 0.251867228210526 -0.041559989822807 -0.864590001052632 0.82991506 -0.408344802108772 0.240258687691228 0.169402177610526 -0.102297501877193 -0.761684367894737 -0.99947232754386 -0.999511915964912 -0.998168554561404 -0.998522395087719 -0.998699005263158 -0.998836894561404 -0.97618747122807 -0.999169055438596 -0.999846234561404
"WALKING" 12 -0.040628176126 -0.03442910782 -0.4998161192 0.29219738492 -0.00432979892 0.150665693346 -0.298725930378 -0.06223893174 -0.7490303086 -0.40266148326 -0.61486628 -0.7748131098 -0.5679923744 -0.854922649 -0.8731736074 -0.4019759318 -0.8788737818 -0.9514072222
"WALKING_UPSTAIRS" 12 0.00562407544423077 -0.0411314519307692 -0.467424925 0.4014599975 -0.0373468972326923 0.0642774996557692 -0.221326588123077 -0.0455638872076923 -0.173600645382692 -0.773574458461538 -0.740518875192308 -0.826184393846154 -0.724317963076923 -0.948152151538462 -0.954282968076923 -0.426360331538462 -0.946905153076923 -0.982552499038462
"WALKING_DOWNSTAIRS" 12 0.164160242108696 -0.0427336692521739 -0.306202319773913 0.222189364208696 -0.00510324563043479 0.189887156830435 -0.21997183926087 -0.0264668968652174 -0.830007978043478 -0.521558472305652 -0.446753739978261 -0.416762858284783 -0.317559622228261 -0.819921350869565 -0.865808259782609 -0.178856167345652 -0.827975908521739 -0.935031164347826
"SITTING" 12 0.165369984392157 -0.0751980398235294 -0.869992268627451 0.788365072352941 -0.432238492039216 0.129562092105882 0.0689155925294118 -0.0941023489803922 -0.400092943813726 -0.99934555 -0.999674650980392 -0.998826860784314 -0.998631418039216 -0.999044141176471 -0.998997241764706 -0.968528985294118 -0.999666001960784 -0.999842154901961
"STANDING" 12 0.154386334657377 -0.0700083750360656 -0.794776938196721 0.79064709557377 -0.177201467180328 0.0725567053467213 0.133260244611475 -0.0976380412377049 -0.39167865995082 -0.998887903770492 -0.999517903114754 -0.997256086557377 -0.997468723278689 -0.998643893606557 -0.998497265409836 -0.890292711147541 -0.99642027147541 -0.999339570983607
"LAYING" 12 0.220764905003 -0.0835537350333333 -0.846891128 0.807105504833333 -0.2175199677 0.0371141418341667 -0.000574835448333335 -0.0990402297166667 -0.529836529935 -0.998332442666667 -0.995401220833333 -0.998939696 -0.9987203235 -0.998286294666667 -0.997874627166667 -0.9566538865 -0.998888377333333 -0.999371983166667
"WALKING" 13 -0.036692641245614 -0.0798472502663158 -0.381864317894737 0.310213399298246 0.172485051310526 0.121607569042105 -0.136862851191228 -0.0966598593263158 -0.746330176666667 -0.600136117859649 -0.782445584561403 -0.423782229263158 -0.321384710052632 -0.738910093508772 -0.771493613719298 -0.192856474047368 -0.888174813333333 -0.827199198245614
"WALKING_UPSTAIRS" 13 -0.0717426414254545 0.00381966911090909 -0.537412382545455 0.320101005709091 -0.183337015312727 0.0588644036490909 -0.188392122163636 -0.0664817176345455 -0.299207956636364 -0.887445183272727 -0.743044868 -0.713721242090909 -0.700863009090909 -0.922805058545455 -0.940769255818182 -0.482113007636364 -0.958092711090909 -0.966063323454545
"WALKING_DOWNSTAIRS" 13 0.0399832139787234 -0.0237205719148936 -0.456428190459574 0.281723782595745 0.0479416133191489 0.0317075540212766 -0.157565136702128 -0.0647199842553191 -0.807265739574468 -0.56379924887234 -0.545933711276596 -0.664646184468085 -0.56692835 -0.655477216808511 -0.773510602553191 -0.319677124659574 -0.909852500212766 -0.776229125319149
"SITTING" 13 0.237635633138776 -0.0902687401836735 -0.879047359591837 0.803526064285714 -0.48251458422449 0.162622861544898 0.0896144029489796 -0.095919848877551 -0.476015222857143 -0.999823691632653 -0.999625002653061 -0.99949725755102 -0.999645189591837 -0.999522467959184 -0.999430108571429 -0.983218202857143 -0.999835438163265 -0.999949772857143
"STANDING" 13 0.180210407017544 -0.0753205243684211 -0.853849482631579 0.810194128947368 -0.252344361140351 0.0521348030982456 0.115971491357895 -0.0981199986666667 -0.197770864964912 -0.999451518245614 -0.999864977719298 -0.999396318596491 -0.999383855614035 -0.999637277719298 -0.999292286491228 -0.957154108421053 -0.999605805614035 -0.999616721578947
"LAYING" 13 0.174073607580645 -0.0966250701451613 -0.849879034354839 0.821472009354839 -0.295425881322581 0.0672616693709677 0.0878070038354839 -0.101835573822581 -0.154979472483871 -0.99951577983871 -0.998196081451613 -0.999498543064516 -0.999448777580645 -0.999498221935484 -0.99929805 -0.96946349 -0.999447264032258 -0.999736962096774
"WALKING" 14 0.181951030067797 -0.0829682847966102 -0.532041331864407 0.0675861296101695 0.214092533040678 0.121455208377966 0.0610167710525424 -0.110656054802153 -0.436293471186441 -0.92984651440678 -0.816145019152542 -0.752272943389831 -0.763800112033898 -0.725570939661017 -0.856788668983051 -0.508595851864407 -0.960853887118644 -0.938874305762712
"WALKING_UPSTAIRS" 14 0.213200081081481 -0.123499570044444 -0.329199510444444 -0.293866633877778 0.237289513074074 0.110475851366296 -0.0529054615622222 -0.128266667862963 -0.385332970555556 -0.859599408518518 -0.754723952037037 -0.810368887592593 -0.748093258148148 -0.518282320975926 -0.775942617037037 -0.441048358648148 -0.969365353148148 -0.902893912037037
"WALKING_DOWNSTAIRS" 14 0.0421960234044444 -0.0945288409066667 -0.395758679555556 -0.1544809672 0.291692788422222 0.102888857933333 -0.0395897073955556 -0.108620377713333 -0.541922278444444 -0.654841964955556 -0.470890110222222 -0.1835045946 -0.254298631282222 -0.409558158686667 -0.557902860333333 -0.295315541666667 -0.919255312444444 -0.912439522888889
"SITTING" 14 0.199933242359259 -0.0713478280925926 -0.881182578703704 0.801757537407407 -0.50303361037037 0.291873229733333 0.153665341055556 -0.0921614578888889 -0.541353454685185 -0.999494592592593 -0.998769359259259 -0.998152113333333 -0.99847994462963 -0.998731337962963 -0.99912499462963 -0.978577117592593 -0.999801772407407 -0.999905211666667
"STANDING" 14 0.27215954058 -0.05581088271 -0.8473100125 0.786349136666667 -0.196241532095 0.262724080883333 0.168182532933333 -0.100718458866667 -0.311892061185 -0.9994406835 -0.999122457333333 -0.998785887666667 -0.998615611666667 -0.997689332333333 -0.998227901666667 -0.957111767 -0.998884205333333 -0.999324412333333
"LAYING" 14 0.244657725705882 -0.153423807745098 -0.825371451764706 0.808216544901961 -0.12738145554902 0.210967790490196 0.203617545 -0.105446637019608 -0.350957805215686 -0.997913713137255 -0.978565353529412 -0.998281551372549 -0.998462271960784 -0.997382645294118 -0.997609275098039 -0.949959040588235 -0.999334848823529 -0.999279059019608
"WALKING" 15 0.277639415196296 -0.06124278833 -0.412921086111111 0.378483093518519 0.18676979 0.243882316112963 -0.221013774833333 -0.0776692754648148 -0.732416833518518 -0.860838721296296 -0.765615469814815 -0.388353089957407 -0.495869726296296 -0.899111784074074 -0.929981515925926 -0.253399360296296 -0.912589444814815 -0.985466651111111
"WALKING_UPSTAIRS" 15 -0.05406224783125 -0.154721289270833 -0.298504329333333 0.44144932 0.185266588920833 0.214557966829167 -0.0404138010291667 -0.144485986527083 -0.239480589020833 -0.711144673958333 -0.511750464791667 -0.734220162083333 -0.734817102083333 -0.952063275416667 -0.956125229375 -0.361096856875 -0.959055245416667 -0.984333300416667
"WALKING_DOWNSTAIRS" 15 0.298406012780952 -0.0346755727619048 -0.38071205752381 0.256206245761905 0.00218268579047619 0.134278391440476 -0.133948364461905 -0.0482532079928571 -0.846725630238095 -0.61010967047619 0.0146974444119048 -0.450297385952381 -0.421951168857143 -0.801205636904762 -0.743760178690476 -0.22735956545 -0.913450087619048 -0.950198111904762
"SITTING" 15 0.192422360576271 -0.0803428762830509 -0.881108241525424 0.806127077288136 -0.622353830237288 0.246450876811864 0.15961594758983 -0.0953649067966102 -0.465454472779661 -0.999756083559322 -0.999636947288136 -0.997958984576271 -0.999439057288136 -0.999613150677966 -0.999430649322034 -0.986152580338983 -0.999885627627119 -0.999926017627119
"STANDING" 15 0.141957768971698 -0.0659637517169811 -0.845120456981132 0.802054756603774 -0.252912018050943 0.204058827830189 0.127014161939623 -0.101358786226415 -0.464413649471698 -0.999618148679245 -0.999789166792453 -0.999054422830189 -0.998985386792453 -0.999595086415094 -0.998851599811321 -0.950380286226415 -0.999445723207547 -0.999890350188679
"LAYING" 15 0.232462204418056 -0.0619700871944444 -0.837053804583333 0.806702938194444 -0.319993123305556 0.224030254281944 0.151239815747639 -0.102266714236111 -0.45493114675 -0.999221709027778 -0.998569024444444 -0.998772953472222 -0.998609893055556 -0.998776906111111 -0.998945267916667 -0.955413596111111 -0.99956704875 -0.999532495138889
"WALKING" 16 -0.0186075430588235 -0.0695955689607843 -0.603474092745098 0.398906442352941 0.220010722007843 0.129973210058824 -0.378532038705882 -0.110917348282353 -0.613356830392157 -0.741997083921569 -0.817407627058824 -0.834136194705882 -0.815744531960784 -0.754082784313725 -0.876877976666667 -0.59574648627451 -0.974260190588235 -0.969748360588235
"WALKING_UPSTAIRS" 16 0.123212207184706 -0.0486136789705882 -0.408979478117647 0.386723584196078 0.216610386196078 0.215974185562745 -0.19844474962549 -0.140908293613922 -0.408771410980392 -0.910714745686275 -0.812224670980392 -0.822994458627451 -0.801491594705882 -0.843584048235294 -0.917261614117647 -0.53239971627451 -0.982513619803922 -0.984084214901961
"WALKING_DOWNSTAIRS" 16 0.0548550605276596 -0.068264792706383 -0.454484779787234 0.419505364893617 0.21782061429617 0.224792776293617 -0.130536754655319 -0.103904044543617 -0.651636550425532 -0.798505492978723 -0.245044147593617 -0.739175672978723 -0.696355297446808 -0.562052849787234 -0.793805812340426 -0.420844008625532 -0.957436890212766 -0.956175923404255
"SITTING" 16 0.134113314608696 -0.0574525433043478 -0.87929896 0.802392554347826 -0.546371995246377 0.215298183466667 0.16404736514913 -0.0957204520289855 -0.467327620302899 -0.99970910826087 -0.999044536231884 -0.999162888115942 -0.999416526521739 -0.998951472173913 -0.999097414782609 -0.978632856956522 -0.999757705797101 -0.999842155942029
"STANDING" 16 0.147160863942308 -0.068667733 -0.869294304871795 0.81736089025641 -0.393435759435897 0.192886565385897 0.113675068125641 -0.100107332602564 -0.42139037488718 -0.999789426282051 -0.99956135474359 -0.999545163589744 -0.999512937692308 -0.99962094051282 -0.999428416538462 -0.973157351666667 -0.99974212974359 -0.999963577564103
"LAYING" 16 0.205137778421429 -0.113675060885714 -0.861916189142857 0.825135805142857 -0.321771595314286 0.101219580951429 0.153160642428571 -0.1022095722 -0.25348313256 -0.999786012857143 -0.999019912285714 -0.999608870428571 -0.999661880285714 -0.999565835571429 -0.999322672 -0.975892407428571 -0.999755685857143 -0.999936473571429
"WALKING" 17 0.0377540918137705 -0.0839773343770492 -0.503150499016393 0.364338529672131 0.177853871392131 -0.0244699090196721 -0.477996152295082 -0.109959237927869 -0.482539139098361 -0.721439840983607 -0.759790033934426 -0.767901462622951 -0.510995986885246 -0.818479673114754 -0.907886425573771 -0.40771670852459 -0.919466192295082 -0.895381619672131
"WALKING_UPSTAIRS" 17 0.10645089685 -0.0548455941370417 -0.398922355708333 0.268719658441667 0.0155143914583333 -0.0521266545229167 -0.219965808016667 -0.142655397660417 -0.4766180240625 -0.860996871458333 -0.546003052708333 -0.84592219125 -0.755753395208333 -0.876739031458333 -0.946482398541667 -0.416223018291667 -0.947481344791667 -0.961729125833333
"WALKING_DOWNSTAIRS" 17 -0.0258384134478261 -0.123517195928261 -0.367826389 0.405383133478261 0.302457480586957 0.00876383959304348 -0.280200856826087 -0.1077700285 -0.623030696913043 -0.783124977608696 -0.26951579023913 -0.782546215652174 -0.702415578043478 -0.792373022608696 -0.910482177173913 -0.316412962967391 -0.945812495 -0.924004076956522
"SITTING" 17 0.24498415553125 -0.0669245931234375 -0.887030404375 0.81626151375 -0.672873610523438 0.260023057171875 0.222981445942187 -0.094247696875 -0.442649998248437 -0.99986445859375 -0.999906045 -0.99966107546875 -0.99979448171875 -0.99969757546875 -0.99951252171875 -0.98841106765625 -0.99990635015625 -0.9999620359375
"STANDING" 17 0.169433671564103 -0.0770632126371795 -0.868953446282051 0.820776891538462 -0.426353077397436 0.183623204273077 0.162165749048718 -0.101289168653846 -0.358229277729487 -0.999764546410256 -0.999706418846154 -0.999697738205128 -0.999699503461538 -0.999740130897436 -0.999488571923077 -0.980696264102564 -0.999688809230769 -0.999955426282051
"LAYING" 17 0.265483887485916 -0.0944580192535211 -0.86009790915493 0.821251680140845 -0.383685249940845 0.20374416295493 0.27429775184507 -0.102049763957746 -0.287390257253521 -0.998967127183099 -0.998067927464789 -0.998770043098592 -0.998893915492958 -0.998886337464789 -0.998878983239437 -0.971949211126761 -0.999435747183099 -0.999645236338028
"WALKING" 18 -0.0939658900267857 -0.0613727362975 -0.641675256607143 0.432570164285714 0.100331991623214 0.0824168582767857 -0.222057042066429 -0.0966435295642857 -0.528454560357143 -0.825299019107143 -0.799634747857143 -0.845539159107143 -0.751212850535714 -0.929008189107143 -0.931820355535714 -0.609673434464286 -0.945695483392857 -0.969699384821429
"WALKING_UPSTAIRS" 18 -0.101819560262069 -0.0526133819862069 -0.525485223275862 0.427990929517241 -0.0933422435586207 -0.0486952022710862 -0.09432808875 -0.0899953036658621 -0.202280492881034 -0.937921017586207 -0.801069792758621 -0.929449579137931 -0.893159986206897 -0.951656728793103 -0.953631635862069 -0.59232371 -0.98114276862069 -0.991515083965517
"WALKING_DOWNSTAIRS" 18 -0.0232193669418182 -0.0636214336761818 -0.533513433090909 0.440326244 0.162148054637818 0.0577378305454545 -0.229512208856364 -0.0836566573181818 -0.316966381545455 -0.846782399090909 -0.748231338727273 -0.872422361090909 -0.826051895272727 -0.910864074181818 -0.946120269818182 -0.489232274509091 -0.968461685636364 -0.978871208909091
"SITTING" 18 0.20704998322807 -0.0685796341105263 -0.883929211052632 0.817805300877193 -0.599959236140351 0.247482470608772 0.158330262468421 -0.0954723233684211 -0.573837909401754 -0.999855778421053 -0.99994976 -0.999797124736842 -0.999714892105263 -0.999687909122807 -0.999555989824561 -0.989961500350877 -0.999920416666667 -0.999977292982456
"STANDING" 18 0.187430049116575 -0.0732260127945206 -0.858845554109589 0.81085050890411 -0.23462658899863 0.233599028739726 0.274484824561644 -0.0987174024657534 -0.236673939312329 -0.999765623835616 -0.999905152054795 -0.999306000821918 -0.999301640684932 -0.999609354109589 -0.999472061232877 -0.964428926438356 -0.999813007534247 -0.999958354383562
"LAYING" 18 0.297974905169231 -0.0837587308153846 -0.879862134 0.824420760769231 -0.554969189692308 0.267881671184615 0.207628160667692 -0.0997154236307692 -0.618503813846154 -0.999632038 -0.999724139846154 -0.999859425692308 -0.999767847076923 -0.999716571076923 -0.999508296615385 -0.992436927692308 -0.999964183846154 -0.999939646307692
"WALKING" 19 -0.00252332724288461 -0.0751569333730769 0.00352700535153846 0.109228959269231 -0.00139830981057692 -0.000168073494230771 -0.282356510196731 -0.0832353261384615 -0.775595528846154 -0.305453060261538 -0.543367447307692 -0.381753823019231 -0.349941881961538 -0.770610320192308 -0.659090097884615 0.228142361865385 -0.632620338307692 -0.808509387307692
"WALKING_UPSTAIRS" 19 0.02929304354 -0.134514320575 -0.3138860429 0.1439694391575 0.2021236157 0.2608983933275 -0.028452874 -0.1018063044 -0.701810817725 -0.74543281775 -0.61218954225 -0.701476329 -0.470491240975 -0.8130588675 -0.81576577675 -0.194485509535 -0.82427199825 -0.89803566
"WALKING_DOWNSTAIRS" 19 0.118835683589744 0.0274707556666667 0.0473083896564103 0.0267739518461538 -0.121269119969231 0.136700909641026 -0.0901944133417949 -0.0337429578461538 -0.868887786410256 -0.136095999487179 0.353345998102564 -0.0524499388771795 0.0477637763076923 -0.425913497358974 -0.444935214487179 0.474962448333333 -0.569673677435897 -0.711537481846154
"SITTING" 19 0.081759943760274 -0.0520207886438356 -0.870445590684932 0.804098911917808 -0.432407351986301 0.229415555986301 0.144376379631644 -0.100986131452055 -0.272332010863014 -0.999700796575342 -0.999314987123288 -0.999483168630137 -0.999505390136986 -0.999567775616438 -0.999191221780822 -0.981743664931507 -0.999875586575342 -0.999910140958904
"STANDING" 19 0.1515779332 -0.0631429827260274 -0.837681877123288 0.79943024890411 -0.200682259254795 0.23646941239726 0.184104670328767 -0.0990467890520548 -0.317787049339726 -0.999532600273973 -0.999861916164384 -0.999200571643836 -0.998941770410959 -0.999607162876712 -0.99926101260274 -0.947865639178082 -0.99937442890411 -0.999937440821918
"LAYING" 19 0.271378884398795 -0.0952628014096386 -0.87123761253012 0.819240133855422 -0.396100358542169 0.0822711618851807 0.126301951855422 -0.0956018266746988 -0.754747764289157 -0.999508334578313 -0.998583207349398 -0.99965477313253 -0.999466360481928 -0.999683958795181 -0.999469148674699 -0.974196217590361 -0.99909818686747 -0.999873497349398
"WALKING" 20 0.0758982507137255 -0.074105054612549 -0.233988722627451 0.0464468414901961 0.115911860619608 0.00785031801196078 0.0713159803901961 -0.0679992365372549 -0.526869887529412 -0.41406541145098 -0.68092887372549 -0.228423392627451 -0.075960016654902 -0.789807482941176 -0.818317379607843 -0.0936248686019608 -0.793996995686274 -0.705724569803922
"WALKING_UPSTAIRS" 20 0.401088240009804 -0.174650964745098 -0.348337097901961 0.133651123392157 0.159654709647059 0.318392955745098 -0.138555692319608 -0.148389168870392 -0.641091177058824 -0.765380832352941 -0.593973278431373 -0.726897797843137 -0.667485176862745 -0.657074608627451 -0.901849368627451 -0.372684353921569 -0.942232684117647 -0.892868871960784
"WALKING_DOWNSTAIRS" 20 0.272754899137778 0.0139023395111111 -0.213141896444444 -0.4033401858 0.0240301678622222 -0.0562864813355556 0.00139925586666666 -0.0452503065777778 -0.814005708666667 -0.614681141533333 -0.400911051555556 -0.131759377375556 -0.00732491303111111 -0.521217420444444 -0.851206062888889 -0.0629572600911111 -0.888119252 -0.832236471111111
"SITTING" 20 0.203031905657576 -0.0650689347121212 -0.87078318469697 0.78889831030303 -0.444003749857576 0.257759438742424 0.0450973850712121 -0.0959970816060606 -0.427498665689394 -0.999368961818182 -0.99947257530303 -0.998453142727273 -0.998829991060606 -0.998644682727273 -0.999060955151515 -0.969913284393939 -0.999471495606061 -0.999592705757576
"STANDING" 20 0.186925027753425 -0.0698308923617808 -0.785577520958904 0.753968382739726 -0.0036718133260274 0.185735826424658 0.107274482673973 -0.102049132684932 -0.415605423632877 -0.997651442328767 -0.998647221643836 -0.997644028356164 -0.996438265616438 -0.997484750958904 -0.997002463013699 -0.881019424794521 -0.99648430739726 -0.998156370136986
"LAYING" 20 0.250027738269118 -0.0954899626029412 -0.869964813235294 0.821328815588235 -0.483108087573529 0.248663865455882 0.176608524257353 -0.0995033069117647 -0.688402463588235 -0.998969798235294 -0.992824243382353 -0.999360318382353 -0.999191247794118 -0.999378302794118 -0.998794373382353 -0.982619403529412 -0.999874283676471 -0.999600131323529
"WALKING" 21 -0.0741482672903846 -0.0590294439942308 -0.311923668269231 0.374380855384615 0.120496891019231 -0.00341333714038461 -0.269997723596154 -0.0868767709153846 -0.354003585211538 -0.410672648346154 -0.748824922692308 -0.631234232115385 -0.482676761153846 -0.705541775 -0.841062380576923 -0.246657382884615 -0.843092689807692 -0.884594934807692
"WALKING_UPSTAIRS" 21 -0.0363280055297872 -0.155622431382979 -0.414266671148936 0.110807170017021 0.231312185917021 -0.0692521657659574 -0.438689951361702 -0.144351492595745 -0.647686519148936 -0.866746404893617 -0.703600668297872 -0.780519277659575 -0.678808156382979 -0.845860483191489 -0.883505421702128 -0.446974007021277 -0.91432114212766 -0.959816994255319
"WALKING_DOWNSTAIRS" 21 0.259318702555556 0.0162145300888889 -0.452466632888889 0.327184210355556 0.0521876392222222 0.0926408650533333 -0.155885093971111 -0.0726461849022222 -0.845244371777778 -0.622504391111111 -0.231192503288889 -0.594324194888889 -0.522441589111111 -0.428608284390667 -0.721310058222222 -0.366748752888889 -0.938785516666667 -0.885840556222222
"SITTING" 21 0.228168755178824 -0.0653077503317647 -0.872323343882353 0.812946968705882 -0.451365539352941 0.14865622732 0.129154380218824 -0.101114775129412 -0.500733729976471 -0.999846560588235 -0.999877656705882 -0.999514369882353 -0.999487341882353 -0.999441606 -0.999274186705882 -0.984893559764706 -0.999859962 -0.999944936470588
"STANDING" 21 0.244654027488764 -0.0738115865407865 -0.847717516292135 0.798224920674157 -0.267212682797753 0.156836449942697 0.101109109691798 -0.103199796370787 -0.506735223380899 -0.999158621235955 -0.999486515168539 -0.998289211011236 -0.998436417640449 -0.998557047865169 -0.998731721797753 -0.956989964269663 -0.998737239438202 -0.999643295505618
"LAYING" 21 0.180955706994444 -0.113800486377778 -0.868181235444444 0.821695331 -0.352342358228889 0.285076072833333 0.141608229147556 -0.0964118375066667 -0.0704633899444445 -0.999047457444444 -0.997154067666667 -0.998638458 -0.998295810555556 -0.998861631333333 -0.999053273888889 -0.973410473 -0.999599807555556 -0.999685154444445
"WALKING" 22 -0.0209552496640435 -0.0960880731804348 -0.36837252673913 0.030259297973913 0.275224595326087 0.0826555253652174 -0.323588971282609 -0.132977562363043 -0.53657821 -0.529842972391304 -0.509356125217391 -0.715449232608696 -0.37286192826087 -0.751818533695652 -0.740215369782609 -0.144648652152174 -0.777296922826087 -0.979100547608696
"WALKING_UPSTAIRS" 22 -0.202404081026667 -0.181458414495238 -0.161121251457143 0.256357449904762 0.11499567072381 0.136065080814286 -0.19412885702381 -0.148450080695476 -0.545119365 -0.52201394452381 -0.409988585 -0.710812499047619 -0.557532379761905 -0.81435330547619 -0.792271032857143 -0.19545699252381 -0.891368062857143 -0.977504554761905
"WALKING_DOWNSTAIRS" 22 0.198810845861111 -0.0697154455833333 -0.221249378305556 0.230892718888889 0.0387420281944444 0.0625811838166667 -0.187202989605556 -0.0901744530194444 -0.811529028333333 -0.7185891125 -0.0773967348361111 -0.544985437638889 -0.4590724275 -0.722153611666667 -0.804321696388889 -0.0954349339722222 -0.830851413333333 -0.962264059444444
"SITTING" 22 0.132545074709677 -0.0793617444354839 -0.873002398548387 0.784144502096774 -0.500722298859677 0.142675945295161 0.0814199100967742 -0.0986493161935484 -0.120149591074194 -0.999532281451613 -0.999340437580645 -0.998606963709677 -0.998431950967742 -0.99893726483871 -0.998846255645161 -0.977266731129032 -0.999694887903226 -0.999842519516129
"STANDING" 22 0.131462382946032 -0.0690067688269841 -0.808112034444444 0.792394763650794 -0.0840753659580952 0.114186058809524 0.135443940665079 -0.0975013472380952 -0.324059502180952 -0.997925037619048 -0.999592354126984 -0.997142317936508 -0.997218101587302 -0.999208491904762 -0.998529444444444 -0.917018098571429 -0.998161098888889 -0.999714565079365
"LAYING" 22 0.272052349416667 -0.09257231175 -0.839905271388889 0.808173962222222 -0.406411587375 0.259513255736111 0.154644577083333 -0.100203934722222 -0.652039148013889 -0.9979257 -0.994519274027778 -0.9966501975 -0.996625224861111 -0.997481127222222 -0.997950844305556 -0.95336692 -0.998896131527778 -0.999547913611111
"WALKING" 23 0.358370622135593 -0.0640197920966102 -0.414227548983051 0.208237249118644 0.0782029537457627 0.0198974449372881 -0.233402622551017 -0.0578128239067797 -0.734859165084746 -0.404794709508475 -0.757944419661017 -0.805129351864407 -0.509769341016949 -0.226979546877966 -0.668733461601695 -0.337619203050847 -0.881129119322034 0.0386353061050847
"WALKING_UPSTAIRS" 23 -0.157612158558824 -0.111564389137255 -0.360634825588235 0.125525665647059 0.257739204396078 0.0359003901156863 -0.0921035001764706 -0.109913094117647 -0.531301255294118 -0.827350249411765 -0.704573815490196 -0.816150955686274 -0.759262155294118 -0.774101160196078 -0.842020245490196 -0.430239229235294 -0.922828453333333 -0.918544014705882
"WALKING_DOWNSTAIRS" 23 0.209676086851852 -0.0853077464277778 -0.38091400962963 0.242659454222222 0.149134708168519 0.0853552686037037 -0.131494749148148 -0.117725824412963 -0.867779391851852 -0.153464367351852 -0.44448486537037 -0.733165943333333 -0.626597338888889 -0.155859523916667 -0.434689423666667 -0.214730713222222 -0.77288759 -0.532973559388889
"SITTING" 23 0.0949255858044118 -0.0684325551029412 -0.882396763823529 0.794684767794118 -0.561870380727941 0.0520456051470588 0.176396834455882 -0.0967422192647059 -0.302838762907353 -0.999541260882353 -0.999750274558823 -0.999122696470588 -0.999250102941176 -0.999137821176471 -0.998648440294118 -0.977149986617647 -0.999727309411765 -0.999804182058823
"STANDING" 23 0.140741266739706 -0.0652264793213235 -0.847032528088235 0.803114957794118 -0.228707562876176 0.142296242761765 0.132539087076471 -0.0981481050441177 -0.437150990904412 -0.999575577205882 -0.999709214558824 -0.999393381617647 -0.999386013970588 -0.998347047352941 -0.9985595425 -0.947510436323529 -0.999488132794118 -0.999705406176471
"LAYING" 23 0.187468379351389 -0.105052917 -0.863448508194444 0.830051424444444 -0.276011688916667 0.0392237417243472 0.197667007484722 -0.102024922819444 -0.509390178697222 -0.999549318472222 -0.997572234444444 -0.999854975694444 -0.999829139166667 -0.999684123611111 -0.998970681111111 -0.979676078055556 -0.999646220416667 -0.999834236111111
"WALKING" 24 0.125389639753448 -0.0658435879913793 -0.497683163103448 0.391458126034483 0.0929496445517241 0.141979594153448 -0.238880691182759 -0.0625311679982759 -0.682613160517241 -0.827296161034483 -0.855646347931034 -0.797890589310345 -0.707111322758621 -0.770430707241379 -0.884603718793103 -0.468295081206897 -0.950299633448276 -0.876434965172414
"WALKING_UPSTAIRS" 24 0.0956553337762712 -0.105932947294915 -0.481656875423729 0.247873358135593 0.255382880459322 -0.0837248616118644 -0.116697586208475 -0.146800845605424 -0.718953751694915 -0.923141975084746 -0.778438439322034 -0.885610897966102 -0.864814292033898 -0.75168589440678 -0.895638915084746 -0.503188684915254 -0.952509392542373 -0.956551070847458
"WALKING_DOWNSTAIRS" 24 0.241066631994545 -0.0542300245127273 -0.4052712224 0.332934954552727 0.107361486010909 0.151301048750909 -0.0509800769509091 -0.0914145014654545 -0.907419467818182 -0.878566277090909 -0.565507703272727 -0.691860758363636 -0.591406915272727 -0.5052132698 -0.806082978727273 -0.272469211854545 -0.881299379454546 -0.937946669636364
"SITTING" 24 0.0948653991558824 -0.0750132697044118 -0.881210615588235 0.809918225588235 -0.501613710132353 0.101542109655882 0.0696166138220588 -0.0951782658382353 -0.443298689426471 -0.999728554264706 -0.999866968823529 -0.999510513823529 -0.999524397794118 -0.999445518235294 -0.999316247058823 -0.985676523823529 -0.999882094558823 -0.999941338676471
"STANDING" 24 0.217786710843478 -0.0692546674492754 -0.850683767391304 0.802804593188406 -0.222512077357971 0.0634433386197101 0.121943720050725 -0.0991947719855072 -0.094035184826087 -0.999252712463768 -0.999761252753623 -0.999121694927536 -0.998812376231884 -0.998983111304348 -0.998555411884058 -0.958540187246377 -0.999131170869565 -0.999682790289855
"LAYING" 24 0.289146744069444 -0.0955538053611111 -0.860582455833333 0.8283496625 -0.346013661041667 0.152654280440417 0.208147316930556 -0.102813809652778 -0.509966017351389 -0.999482670694444 -0.998617423333333 -0.999719238888889 -0.999669075555556 -0.999442303055556 -0.998941163888889 -0.976570564027778 -0.999662569027778 -0.999527379444444
"WALKING" 25 0.0570154227702703 -0.0820768065347297 -0.398635807702703 0.51628411472973 0.159379500081081 0.231856453421622 -0.0724903915972973 -0.102377269321622 -0.534037046081081 -0.892095404324324 -0.915130911351351 -0.751295882972973 -0.766855309594595 -0.897817439054054 -0.952916323243243 -0.411909719594595 -0.973794406756757 -0.990588444594595
"WALKING_UPSTAIRS" 25 -0.0241942667641538 -0.109437658104615 -0.388804185457538 0.495767368923077 0.0868312928307692 -0.0255806727023077 -0.00365294775230769 -0.126481161061538 -0.0625951387726154 -0.947969303692308 -0.847388233538461 -0.928035314615385 -0.915436963692308 -0.966910218 -0.979815734461538 -0.476144998846154 -0.974400691076923 -0.993621596615385
"WALKING_DOWNSTAIRS" 25 0.135714094967241 -0.101115076366897 -0.297686081758621 0.368001678103448 0.15123077924 0.131583297 -0.0510339763844828 -0.127952445399655 -0.366994214494655 -0.909154061034483 -0.708946654482759 -0.743708059310345 -0.758638156034483 -0.902264888793103 -0.956504648448276 -0.217799723931034 -0.941680295689655 -0.991230731551724
"SITTING" 25 0.239134813430769 -0.0748002714615385 -0.882119710307692 0.813921781384615 -0.608839403384615 0.217251652913231 0.146659064278462 -0.0954801379692308 -0.356877026507692 -0.999806678769231 -0.999813511846154 -0.999147038307692 -0.999578569076923 -0.999663969076923 -0.999412303692308 -0.988002552461538 -0.999919550615385 -0.999962186769231
"STANDING" 25 0.247443245682838 -0.0698876853378378 -0.86006168027027 0.806058630945946 -0.279648719472973 0.187934462993243 0.228480285824324 -0.100473697756757 -0.562519746972973 -0.999733847432432 -0.999879915540541 -0.999300743648649 -0.999140191756757 -0.999416628243243 -0.999263292972973 -0.96807852527027 -0.999636211756757 -0.999779302837838
"LAYING" 25 0.0240628673767123 -0.0716401726150685 -0.787292064383562 0.788428762465753 -0.0507805351232877 0.0874677991054795 0.168963885309589 -0.101646999342466 -0.109273265972603 -0.998430878219178 -0.990796838356164 -0.993237989178082 -0.997263833013699 -0.998762401232877 -0.997981686712329 -0.890517539315068 -0.997533319041096 -0.999614649863014
"WALKING" 26 0.0681348568966102 -0.0841507651508475 -0.430209184915254 0.351251387966102 0.221664841015593 0.162938577237288 -0.271736291388136 -0.099411456038983 -0.826862177118644 -0.732876823050847 -0.773034344067797 -0.787969278135593 -0.693535370338983 -0.713224310847458 -0.845975028813559 -0.368112905762712 -0.924113045254237 -0.93754396440678
"WALKING_UPSTAIRS" 26 0.0641665363150909 -0.0657601804418182 -0.450930926545455 0.263421308727273 0.0272422792181818 0.0599158859481818 -0.284231168436364 -0.0975590199454545 -0.570004721272727 -0.800566047272727 -0.647002717272727 -0.849312278727273 -0.792549251818182 -0.911309888545455 -0.951967487636364 -0.427686570727273 -0.908705133090909 -0.975945745272727
"WALKING_DOWNSTAIRS" 26 0.221783927964 -0.1003822042168 -0.209719600042 0.2611641838 0.11349700918 0.0770279694856 0.091989492816 -0.0992465275036 -0.8860872172 -0.7842790198 -0.28608058074 -0.501125016862 -0.49509950517 -0.6191464072 -0.8383370926 -0.12591815458 -0.8781303644 -0.9346065914
"SITTING" 26 0.150648609782051 -0.0840648503320513 -0.885764120641026 0.805261784871795 -0.626856609512821 0.253990625055128 0.158491809966538 -0.095984817 -0.295205234102564 -0.999643484487179 -0.998392600641026 -0.998920199615385 -0.999683712307692 -0.999711972948718 -0.999462396923077 -0.990144882307692 -0.999932293589744 -0.999977556923077
"STANDING" 26 0.261243917040541 -0.0731385762635135 -0.856224645135135 0.806370738513513 -0.329982845680689 0.210547516486486 0.174303297166216 -0.100355997108108 -0.407303206036487 -0.999763137432432 -0.99988636472973 -0.999201428108108 -0.999226448243243 -0.99948789027027 -0.999362641216216 -0.969364268513514 -0.999560886081081 -0.999895813783784
"LAYING" 26 0.280272795118421 -0.0903229228815789 -0.873946956578947 0.8353285925 -0.474416586092105 0.2376208491 0.209850660823684 -0.100368640868421 -0.805776388986842 -0.999157262368421 -0.996897538947368 -0.999745895131579 -0.999730679342105 -0.999652863947368 -0.999425725131579 -0.988386324868421 -0.999895776973684 -0.999945422763158
"WALKING" 27 0.146429852045614 -0.0365348163649123 -0.556457316315789 0.246066224385965 0.0473137640877193 0.240506840286316 -0.15825174510807 -0.0786163508824035 -0.763171265263158 -0.794277695438596 -0.783149547719298 -0.824369992631579 -0.574404178245614 -0.789468460175439 -0.831593723859649 -0.498017935263158 -0.938508574912281 -0.973723264385965
"WALKING_UPSTAIRS" 27 -0.0260562405647059 0.00212499391686275 -0.528959534470588 0.297204943882353 -0.132493792119216 0.206740212759431 -0.270245969507843 -0.0937518711117647 -0.34317752875098 -0.886951994313726 -0.743448794313725 -0.887706519607843 -0.821131451568627 -0.906419319607843 -0.932839564705882 -0.544369229411765 -0.974972350196078 -0.98041074627451
"WALKING_DOWNSTAIRS" 27 0.141784870704545 -0.0163131590545455 -0.486238957045455 0.228334986318182 0.00593831256818181 0.105410274877273 -0.317771925318182 -0.0515814754272727 -0.757064318636364 -0.594031607954545 -0.300931317727273 -0.753805774772727 -0.601376029772727 -0.710469377272727 -0.804312316363636 -0.2966286115 -0.908649762272727 -0.9007149775
"SITTING" 27 0.179574116775714 -0.0797345645214286 -0.883529865285714 0.809542093714286 -0.535017878557143 0.26714457711 0.101797276764286 -0.0951635808 -0.481009159814286 -0.999790217857143 -0.999570118142857 -0.999564327 -0.999725147142857 -0.999575692142857 -0.999426688285714 -0.987207904714286 -0.999897337857143 -0.999956463
"STANDING" 27 0.2111791412375 -0.067507120075 -0.85690585125 0.811755806625 -0.357919471875 0.160457812525 0.1372141529075 -0.0987605078625 -0.45464328683125 -0.99963146475 -0.9998598815 -0.999119042125 -0.999039944875 -0.99960397375 -0.99943674775 -0.970149628875 -0.99985038775 -0.999951001125
"LAYING" 27 0.277730933135135 -0.0957839566891892 -0.873359062027027 0.829325034189189 -0.477945164864865 0.192309744243243 0.165456873945946 -0.101147695256757 -0.817826698581081 -0.999645168378378 -0.999074992297297 -0.999762070675676 -0.999721657567568 -0.999713290945946 -0.99943769972973 -0.987028539054054 -0.999850407837838 -0.999961306891892
"WALKING" 28 0.0779911869411111 -0.0172822168012963 -0.377878779814815 0.415031963888889 0.0447359873518519 0.314678490587407 -0.363517324240741 -0.092974671262963 -0.741594006481481 -0.792670795 -0.741288289814815 -0.601129488703704 -0.630381310185185 -0.787143282777778 -0.879149633703704 -0.374681071666667 -0.930935859444444 -0.952452417222222
"WALKING_UPSTAIRS" 28 -0.0119579509117647 0.0212250958019608 -0.515979278235294 0.284950457098039 -0.00683430915686275 0.165561414992157 -0.242543526117647 -0.080568055454902 -0.574971754098039 -0.775759800588235 -0.706628698823529 -0.805315192745098 -0.751493254901961 -0.908935167647059 -0.91910474 -0.403636283921569 -0.92863462627451 -0.97523021745098
"WALKING_DOWNSTAIRS" 28 0.157202915878261 0.00710564286763044 -0.21360833516087 0.326262998804348 -0.0483716717826087 0.111121559143478 -0.227712810161957 -0.0266492977565217 -0.869486173695652 -0.608895047391304 -0.35005663946087 -0.528726602130435 -0.388058423086957 -0.793087543695652 -0.775937844130435 -0.0299969963043478 -0.812031087391304 -0.909596113478261
"SITTING" 28 0.149658102670278 -0.0673943850555556 -0.870871175833333 0.791635467777778 -0.420195743541667 0.1585698008125 0.0167673846138889 -0.0953935055833333 -0.439937177119444 -0.998926219583333 -0.999703826388889 -0.998687423472222 -0.998682411666667 -0.999065403194444 -0.999005549305556 -0.973724326388889 -0.999637790555556 -0.999817938333333
"STANDING" 28 0.0878747487329114 -0.0739001646962025 -0.783967841265823 0.77279145886076 -0.0313289004924051 0.0542626409743038 0.0467776512379747 -0.102248409070886 -0.304660273488608 -0.998719854936709 -0.99946466556962 -0.995380490632911 -0.994978515316456 -0.998385526202532 -0.998409223291139 -0.880426103164557 -0.997812312278481 -0.999730029746835
"LAYING" 28 0.2998368685575 -0.097448733725 -0.83295831225 0.810717055375 -0.218223836825 0.04667205237875 0.11795140644875 -0.1045116270375 -0.52228667763 -0.998984689875 -0.99885364025 -0.999197394 -0.999258477375 -0.99724527675 -0.99834460075 -0.946804234625 -0.998820801875 -0.999712437625
"WALKING" 29 -0.138585227188679 -0.081960153154717 -0.499408491698113 0.41304753490566 0.197764998603774 -0.0339418229509434 -0.248097574622642 -0.10688830318283 -0.698871195660377 -0.748741053018868 -0.656076815471698 -0.78013921754717 -0.641398523207547 -0.892535362641509 -0.825422087735849 -0.431490048490566 -0.813805570754717 -0.977947051509434
"WALKING_UPSTAIRS" 29 0.0107604686385714 -0.152328112210204 -0.109431056612245 0.369196268979592 0.0608641234244898 0.184574520363673 -0.0950465092712245 -0.130429072653061 0.0653014448322449 -0.641374496734694 -0.572841029591837 -0.789378813673469 -0.794634045510204 -0.932221552040816 -0.938748556326531 -0.260519290404082 -0.938331386530612 -0.988933512653061
"WALKING_DOWNSTAIRS" 29 0.225709848229167 -0.0851045889895833 -0.332246264625 0.171425885125 0.3003857905625 0.104873187566667 -0.1883140604375 -0.0743986469979167 -0.587490949666667 -0.588385890895833 -0.304794450547708 -0.702438309583333 -0.57292362375 -0.75320459625 -0.80907388375 -0.18941800145 -0.887940316875 -0.983194023541667
"SITTING" 29 0.229570528533333 -0.0755797672133333 -0.8842887635 0.804791991833333 -0.600039985166667 0.207063395833333 0.136906891186667 -0.0953636995833333 -0.4840431683 -0.999888372 -0.999746662 -0.999606935666667 -0.999695503833333 -0.999700314833333 -0.9994481165 -0.988393569 -0.999925790666667 -0.999986146
"STANDING" 29 0.147428559556923 -0.0721060679123077 -0.865914838153846 0.816885361538462 -0.341148669215385 0.222220579743077 0.209212215215385 -0.0988701505538462 -0.62354280232 -0.999903939692308 -0.999965742461538 -0.999677316307692 -0.999655631230769 -0.999777240769231 -0.999395224923077 -0.974485449538462 -0.999842027076923 -0.999988356615385
"LAYING" 29 0.272143608755072 -0.0761814357028986 -0.881486411014493 0.830865498115942 -0.62588714715942 0.305932719086957 0.188591506811594 -0.0995339880724638 -0.777863068550725 -0.999867303913043 -0.999270502173913 -0.999900837101449 -0.999870392318841 -0.999813734202899 -0.999569375507246 -0.99312260884058 -0.999947616666667 -0.999989882608696
"WALKING" 30 0.193687562707692 -0.0649170927338462 -0.459060653076923 0.128913462352308 0.232946639630769 0.219784486215385 -0.375539574123077 -0.0873839917276923 -0.0635842011538462 -0.859732276461538 -0.781673259692308 -0.800656353846154 -0.709554490153846 -0.812200462615385 -0.850763280153846 -0.374440300461538 -0.947235262153846 -0.947229619076923
"WALKING_UPSTAIRS" 30 -0.17604985838 -0.0779606464676923 -0.408899859738462 0.193236873464615 0.0508980648461538 0.0503811393969231 -0.405882014061538 -0.108414261326154 -0.0951909999538462 -0.891251179384615 -0.777635948461538 -0.930675872461538 -0.899669918 -0.966281648461538 -0.973688251076923 -0.488039003123077 -0.971109434615385 -0.988222525384615
"WALKING_DOWNSTAIRS" 30 0.220553222914516 -0.0693112411951613 -0.383208399193548 0.082903672166129 0.167294698177419 -0.000887132580645163 -0.142471545963387 -0.0615954583870968 -0.611710829483871 -0.776275407741935 -0.534883635612903 -0.681752370806452 -0.629267283064516 -0.758673667903226 -0.823476672258065 -0.263061628069355 -0.946358695483871 -0.964373177580645
"SITTING" 30 0.0916812911822581 -0.074353558416129 -0.881758234677419 0.797170945967742 -0.604938149758064 0.278014230790323 0.127761463945161 -0.095270767516129 -0.474783585790323 -0.999731925483871 -0.999228597096774 -0.999194928225806 -0.99936671 -0.999498979354839 -0.999238806612903 -0.987034626451613 -0.999915571774194 -0.999954147258065
"STANDING" 30 0.168086972701695 -0.0670334379830509 -0.817204750169492 0.776842004237288 -0.0704529501372881 0.220145278940678 0.145448547471186 -0.0997160228220339 -0.349970099033898 -0.998611392033898 -0.999382913728814 -0.99842972 -0.998050441186441 -0.998563147966102 -0.997168874915254 -0.915742855084746 -0.998938021694915 -0.998650733559322
"LAYING" 30 0.231785638972857 -0.0761476351714286 -0.861745132142857 0.804569480571429 -0.416858251328571 0.232792328115714 0.221187790995714 -0.102277358585714 -0.749983971285714 -0.999346798428571 -0.999294941428571 -0.999018407285714 -0.998775534571429 -0.999089594428571 -0.99861333 -0.971789052714286 -0.999582927285714 -0.999778325
